18 14
0 1 0 1 1 0 
0 4 0 1 2 1 
0 6 0 0 1 2 
0 8 0 0 2 1 
0 11 0 0 0 2
1 0 0 2 0 0 s
1 2 0 1 0 0 
1 5 0 0 2 0 
1 7 0 0 1 2 
1 9 0 1 1 1 
1 13 0 1 0 1 
2 1 1 1 0 0 
2 4 1 2 1 0
2 6 0 0 1 1 
2 8 0 2 0 1
2 11 0 2 0 0 
3 5 0 0 2 0
3 7 0 1 0 2
3 9 1 0 0 0 
3 13 1 1 0 0
4 0 2 1 0 0 
4 2 1 0 2 0
4 4 2 2 1 2 
4 6 0 1 0 1
4 8 2 0 1 0
4 11 2 0 0 1
5 1 1 1 1 0
5 3 0 0 0 1
5 7 1 0 1 0
5 10 0 2 0 1
6 0 1 2 0 0 
6 2 0 0 2 0 
6 4 2 2 2 2 
6 6 1 0 2 2 
6 9 0 0 0 2
6 11 0 0 1 0 
6 13 1 1 0 1
7 1 1 0 2 0
7 3 0 0 0 2
8 0 2 1 1 0
8 2 0 2 1 1 
8 4 2 1 1 1 
8 6 0 0 1 1 
8 8 0 0 1 1
8 10 2 0 0 1
8 13 1 1 0 0
9 5 0 1 1 0
9 7 0 1 1 1 
9 9 0 0 1 1 
9 11 0 1 0 1
10 0 1 1 2 0 
10 2 2 1 0 2
10 6 0 1 0 0 
10 8 0 2 1 0
10 10 0 1 0 1 
10 13 1 1 0 0 
11 1 0 1 0 0
11 4 1 2 0 0 
11 7 1 2 0 0 
12 0 1 2 0 0 
12 2 1 1 0 0 
12 6 1 2 0 0 
12 8 2 1 0 0
12 11 1 1 2 0
12 13 1 1 0 2
13 1 1 2 0 0 
13 5 1 0 0 0
13 7 2 0 0 0 
13 10 1 0 0 0 
14 0 2 1 0 0 
14 4 2 1 1 0
14 6 2 0 1 1
14 8 1 0 1 1 
14 11 1 0 0 1
15 2 1 0 0 0 
15 5 0 0 2 0
15 7 0 0 2 2 
15 9 0 0 1 2 
15 13 1 0 0 1
16 1 2 0 1 0
16 4 1 0 2 1
16 6 0 0 1 2 
16 8 0 0 1 1 
16 10 0 0 0 1
17 0 1 0 2 0
17 2 0 0 1 2 
17 5 0 0 2 1 
17 7 0 0 1 2 
17 9 0 0 1 1 
17 12 0 0 0 1