14 10
0 0 0 1 2 0 
0 3 0 0 1 2 
0 5 0 0 1 1 
0 7 0 1 0 1 
1 1 0 0 1 0 
1 4 0 1 1 1 
1 6 0 1 0 1 
1 9 0 1 0 0 
2 0 1 1 2 0 
2 3 0 0 0 2 
2 7 1 2 0 0 
3 6 1 0 0 0 
4 0 1 1 0 0 
4 2 0 1 0 0 
4 4 1 0 1 0 
4 7 2 1 1 1 
4 9 1 2 0 1 
6 0 1 1 1 0 
6 2 1 0 1 1 
6 6 0 0 0 1 
6 9 2 1 0 0 
7 1 0 0 2 0 
7 4 0 2 1 2 
7 7 1 0 0 1
8 0 1 1 2 0 
8 3 0 0 0 2 
8 6 0 0 2 0 
8 9 1 1 0 2
9 1 0 0 1 0 
9 4 0 2 1 2 
9 7 1 0 0 1
10 0 1 1 1 0 
10 2 0 1 0 1 
10 5 0 2 1 0 
10 7 0 2 1 1 
10 9 1 2 0 1 
11 4 0 2 0 0 
11 6 0 2 0 0 
11 8 0 1 0 0 
12 0 1 0 0 0 
12 5 2 0 0 0 
12 7 2 0 0 0 
12 9 2 0 0 0 
13 2 1 0 1 0 
13 4 2 0 1 1 
13 6 2 0 1 1 
13 8 1 0 0 1