13 9 
0 0 0 1 1 0 
0 2 0 0 0 1
0 5 0 1 1 0 
0 8 0 2 0 1 
1 7 0 1 0 0 
2 0 1 2 1 0
2 2 0 0 2 1
2 4 0 0 0 2 
2 7 2 1 0 0 
3 1 0 0 2 0 
3 3 0 0 1 2 
3 5 1 0 1 1 
3 7 1 1 0 1
4 0 2 2 1 0 
4 2 0 2 1 1 
4 4 0 0 2 1 
4 6 0 0 0 2
4 8 1 2 0 0 
6 0 2 0 0 0 
6 3 0 1 2 0 
6 5 0 0 1 2 
6 7 1 1 0 1 
7 2 2 2 0 0 
7 4 0 1 1 0
7 6 0 0 0 1
7 8 2 1 0 0 
8 3 1 0 0 0
9 0 0 2 2 0
9 2 2 0 1 2 
9 4 1 0 1 1 
9 7 1 1 0 1 
10 8 1 1 0 0 
11 0 2 0 0 0 
11 2 0 0 1 0 
11 5 0 0 1 1 
11 7 1 0 0 1 
12 1 0 0 2 0 
12 3 0 0 2 2
12 6 0 0 1 2 
12 8 1 0 0 1 