16 12 
0 1 0 0 2 0
0 3 0 0 1 2
0 5 0 0 1 1 
0 7 0 0 1 1 
0 9 0 0 1 1 
0 11 0 2 0 1
1 0 0 1 1 0
1 2 0 1 2 1 
1 4 0 2 1 2
1 6 0 0 1 1 
1 8 0 0 2 1 
1 10 0 0 0 2
2 5 0 0 2 0
2 9 0 0 1 2
2 11 2 1 0 1 
3 2 1 0 1 0
3 4 2 0 1 1 
3 7 0 0 1 1 
3 10 0 0 0 1
4 0 1 1 2 0
4 3 0 1 1 2
4 6 0 2 1 1
4 9 0 0 0 1
4 11 1 2 0 0 
5 2 0 1 0 0 
5 5 0 2 0 0
6 3 1 2 0 0 
6 7 0 2 1 0
6 10 0 2 0 1 
7 0 1 1 0 0 
7 5 2 1 0 0 
7 11 2 1 0 0 
8 2 1 2 0 0 
8 7 2 0 2 0 
8 9 0 0 0 2 
9 3 2 2 0 0 
9 5 1 1 0 0 
9 8 0 0 2 0
9 10 2 2 0 2
10 0 1 1 1 0 
10 2 2 0 0 1 
10 6 2 0 0 0 
11 10 1 1 0 0
11 1 0 1 2 0
11 3 2 2 2 2
11 5 1 0 1 2
11 7 0 1 1 1
11 10 2 1 0 1
12 0 1 2 0 0 
12 2 0 1 0 0 
12 4 0 1 2 0
12 6 0 1 0 2
12 8 0 2 0 0 
12 11 1 2 0 0
13 1 1 0 0 0 
13 3 2 0 0 0 
13 7 1 2 0 0 
14 0 2 0 0 0 
14 6 1 0 0 0 
14 8 2 0 1 0 
14 10 1 0 0 1 
15 2 1 0 1 0
15 4 1 0 1 1
15 7 2 0 1 1
15 9 0 0 1 1 
15 11 2 0 0 1