16 12
0 1 0 0 2 0 
0 3 0 0 1 2 
0 5 0 0 1 1 
0 7 0 1 1 1 
0 10 0 1 0 1 
1 0 0 1 1 0
1 2 0 1 2 1 
1 4 0 2 1 2 
1 6 0 0 0 1 
1 9 0 2 0 0 
1 11 0 2 0 0 
2 10 1 1 0 0 
3 2 1 0 1 0 
3 4 2 0 1 1 
3 7 1 1 1 1
3 9 2 0 0 1 
3 11 2 1 0 0 
4 0 1 2 2 0 
4 3 0 1 0 2 
4 8 0 0 2 0 
4 10 1 1 0 2
5 2 0 1 0 0
5 4 0 1 1 0 
5 7 1 1 1 1 
5 9 0 1 0 1
5 11 1 2 0 0 
6 0 2 1 0 0 
6 3 1 1 0 0 
6 10 1 2 0 0 
7 5 0 0 2 0 
7 7 1 1 0 2 
7 9 1 0 0 0 
8 0 1 1 1 0
8 2 1 0 0 1 
8 4 1 1 1 0 
8 6 0 0 0 1
8 11 2 1 0 0 
9 1 0 0 2 0 
9 3 1 1 0 2 
9 5 0 2 0 0 
9 7 1 0 1 0 
9 9 0 2 0 1 
10 4 1 0 0 0 
10 10 2 1 0 0 
11 0 1 2 1 0 
11 2 0 1 0 1 
11 5 2 0 1 0 
11 7 0 0 1 1 
11 9 2 0 0 1 
11 11 1 1 0 0 
12 4 0 0 2 0 
12 10 1 1 0 2 
13 3 1 0 1 0
13 6 0 1 1 1 
13 8 0 0 0 1
13 11 1 2 0 0 
14 0 2 0 0 0 
14 7 0 0 1 0 
14 10 1 0 0 1
15 2 1 0 0 0 
15 4 0 0 1 0 
15 6 1 0 1 1 
15 8 0 0 1 1 
15 11 2 0 0 1