18 14
0 1 0 0 2 0 
0 3 0 1 0 2 
0 5 0 1 1 0 
0 7 0 2 1 1 
0 9 0 1 0 1
0 11 0 1 2 0
0 13 0 0 0 2
1 5 0 2 0 0 
1 11 0 0 1 0 
1 13 0 1 0 1
2 2 1 0 1 0 
2 4 1 2 0 1 
2 6 2 0 0 0 
3 0 0 2 1 0
3 3 0 0 0 1 
3 5 2 0 1 0 
3 8 1 0 1 1 
3 10 0 0 0 2
4 2 0 2 1 0 
4 4 2 0 1 1 
4 6 0 1 0 1
4 11 0 1 2 0
4 13 1 1 0 2
5 0 2 1 0 0 
5 8 0 2 1 0
5 10 1 0 0 1
5 12 0 1 0 0 
6 3 0 1 1 0
6 6 1 1 0 1
6 9 0 0 1 0
6 11 1 1 0 1
6 13 1 1 0 0 
7 0 1 1 1 0
7 2 2 0 0 1
7 5 0 1 0 0 
7 12 1 2 0 0
8 4 0 2 0 0 
8 8 2 0 2 0
8 10 0 2 0 2 
9 1 0 0 1 0
9 3 1 1 0 1
9 6 1 2 0 0
9 11 1 1 0 0 
9 13 1 2 0 0
10 0 1 0 2 0
10 2 0 1 0 2 
10 4 2 1 0 0 
10 8 0 2 2 0 
10 10 2 2 0 2
10 12 2 1 0 0
11 5 1 1 0 0
11 11 1 1 0 0
11 13 2 2 0 0 
12 0 0 2 0 0 
12 3 1 0 0 0 
12 6 2 0 0 0 
12 10 2 0 0 0
12 12 1 1 0 0
13 5 1 0 1 0
13 8 2 0 2 1 
13 11 1 0 0 2
13 13 2 1 0 0 
14 0 2 1 0 0 
14 2 1 0 1 0
14 4 1 1 1 1
14 7 0 1 1 1 
14 10 0 2 1 1 
14 12 1 2 0 1
15 6 0 1 0 0 
15 8 0 2 0 0 
15 11 0 1 0 0
15 13 1 2 0 0
16 1 0 0 1 0
16 4 1 0 0 1
16 7 1 0 0 0
16 10 2 0 0 0
16 12 2 0 0 0 
17 0 1 0 2 0
17 2 0 0 1 2 
17 6 1 0 2 1
17 8 2 0 1 2
17 11 1 0 1 1
17 13 2 0 0 1  