12 16
1 0 0 0 2 0
3 0 0 0 1 2
5 0 0 0 1 1 
7 0 0 0 1 1 
9 0 0 0 1 1 
11 0 0 2 0 1
0 1 0 1 1 0
2 1 0 1 2 1 
4 1 0 2 1 2
6 1 0 0 1 1 
8 1 0 0 2 1 
10 1 0 0 0 2
5 2 0 0 2 0
9 2 0 0 1 2
11 2 1 0 1 
2 3 1 0 1 0
4 3 2 0 1 1 
7 3 0 0 1 1 
10 3 0 0 0 1
0 4 1 1 2 0
3 4 0 1 1 2
6 4 0 2 1 1
9 4 0 0 0 1
11 4 1 2 0 0 
2 5 0 1 0 0 
5 5 0 2 0 0
3 6 1 2 0 0 
7 6 0 2 1 0
10 6 0 2 0 1 
0 7 1 1 0 0 
5 7 2 1 0 0 
11 7 2 1 0 0 
2 8 1 2 0 0 
7 8 2 0 2 0 
9 8 0 0 0 2 
3 9 2 2 0 0 
5 9 1 1 0 0 
8 9 0 0 2 0
10 9 2 2 0 2
0 10 1 1 1 0 
2 10 2 0 0 1 
6 10 2 0 0 0 
11 10 1 1 0 0
1 11 0 1 2 0
3 11 2 2 2 2
5 11 1 0 1 2
7 11 0 1 1 1
10 11 2 1 0 1
0 12 1 2 0 0 
2 12 0 1 0 0 
4 12 0 1 2 0
6 12 0 1 0 2
8 12 0 2 0 0 
11 12 1 2 0 0
1 13 1 0 0 0 
3 13 2 0 0 0 
7 13 1 2 0 0 
0 14 2 0 0 0 
6 14 1 0 0 0 
8 14 2 0 1 0 
10 14 1 0 0 1 
2 15 1 0 1 0
4 15 1 0 1 1
7 15 2 0 1 1
9 15 0 0 1 1 
11 15 2 0 0 1
